5.95
6.45
6.45
5.95
6.95
5.95
6.45
5.45
5.45
4.95
5.45
4.95
4.95
4.95
5.45
4.45
4.45
3.45
3.95
3.45
3.45
2.85
3.45
2.85
1.35
1.35
2.85
3.45
3.95
4.95
5.95
5.95
5.95
4.95
4.95
4.95
4.45
3.95
3.45
3.45
3.45
2.85
2.35
2.35
1.85
1.85
0.85
0.85
1.85
2.85
3.95
4.95
4.95
5.95
6.45
5.95
5.45
4.95
4.95
3.95
3.45
2.85
2.85
1.85
1.35
0.85
0.35
0.35
-0.65
-0.15
-0.65
-0.65
-0.15
1.35
2.85
3.95
3.95
4.45
4.45
4.45
3.95
3.45
1.85
2.35
2.85
2.35
2.35
1.85
1.35
0.85
0.85
1.35
1.35
1.35
0.85
0.35
0.85
0.35
0.35
0.35
0.85
1.35
1.85
1.85
1.35
0.85
0.35
0.35
-0.15
-0.15
0.35
-0.15
-1.75
-1.75
-1.75
-2.25
-2.25
-2.75
-2.25
-2.25
-0.65
0.35
0.85
2.35
2.85
3.45
3.45
2.85
3.95
3.95
3.45
2.85
3.45
3.45
3.95
2.85
2.85
1.85
2.35
1.85
1.85
0.85
0.35
-0.15
0.85
1.35
1.85
2.85
2.35
2.35
3.45
3.45
2.85
3.45
3.45
3.45
3.45
3.45
3.45
3.95
3.95
3.95
3.45
2.85
2.35
2.35
1.85
1.85
1.85
2.35
2.35
3.95
3.45
3.45
3.95
3.45
4.45
4.45