0.0
0.299999999995748
-0.10000000000332002
0.149999999997874
0.399999999999068
0.0999999999962142
0.0999999999962142
0.299999999995748
0.299999999995748
0.0999999999962142
0.0999999999962142
0.0999999999962142
0.199999999999534
0.0999999999962142
0.0999999999962142
0.0999999999962142
0.199999999999534
0.0
0.0999999999962142
0.0
0.0999999999962142
0.0
-0.10000000000332002
-0.0500000000016598
-0.10000000000332002
-0.30000000000285404
-0.30000000000285404
0.0
0.0999999999962142
0.0
0.0999999999962142
0.0999999999962142
0.0999999999962142
0.0
-0.10000000000332002
0.0
-0.10000000000332002
-0.199999999999534
-0.10000000000332002
-0.199999999999534
-0.10000000000332002
-0.10000000000332002
-0.30000000000285404
-0.199999999999534
-0.199999999999534
-0.400000000006173
-0.199999999999534
-0.400000000006173
-0.30000000000285404
-0.30000000000285404
-0.10000000000332002
-0.10000000000332002
0.0999999999962142
0.0
0.0999999999962142
0.199999999999534
-0.10000000000332002
0.199999999999534
0.0
-0.0500000000016598
-0.10000000000332002
-0.10000000000332002
-0.10000000000332002
-0.10000000000332002
-0.30000000000285404
-0.30000000000285404
-0.400000000006173
-0.30000000000285404
-0.30000000000285404
-0.400000000006173
-0.30000000000285404
-0.400000000006173
-0.199999999999534
-0.400000000006173
-0.500000000002387
0.0
0.0
0.0
-0.199999999999534
0.0499999999945544
-0.10000000000332002
-0.199999999999534
0.0
0.0
-0.10000000000332002
0.0999999999962142
0.0
0.299999999995748
0.0999999999962142
-0.400000000006173
-0.199999999999534
-0.10000000000332002
-0.10000000000332002
-0.10000000000332002
-0.199999999999534
-0.199999999999534
-0.199999999999534
-0.199999999999534
-0.10000000000332002
-0.500000000002387
-0.10000000000332002
0.0999999999962142
-0.10000000000332002
0.0999999999962142
0.0
0.0
0.0
0.0
-0.10000000000332002
0.0999999999962142
0.0
-0.10000000000332002
0.0
-0.10000000000332002
-0.199999999999534
-0.149999999997874
-0.10000000000332002
0.0
-0.199999999999534
-0.10000000000332002
0.0
-0.10000000000332002
0.0999999999962142
0.0999999999962142
0.49999999999528205
0.299999999995748
0.25000000000119393
0.199999999999534
0.0
0.199999999999534
0.0999999999962142
0.199999999999534
0.199999999999534
0.299999999995748
0.399999999999068
0.299999999995748
0.299999999995748
0.0999999999962142
0.199999999999534
0.199999999999534
0.299999999995748
0.0999999999962142
-0.10000000000332002
-0.10000000000332002
0.149999999997874
0.149999999997874
0.199999999999534
0.49999999999528205
0.399999999999068
0.299999999995748
0.49999999999528205
0.299999999995748
0.299999999995748
0.399999999999068
0.299999999995748
0.0999999999962142
0.399999999999068
0.299999999995748
0.299999999995748
0.299999999995748
0.199999999999534
0.299999999995748
0.399999999999068
0.399999999999068
0.299999999995748
0.199999999999534
0.299999999995748
0.399999999999068
0.399999999999068
0.199999999999534
0.5999999999986021
0.49999999999528205
0.699999999994816
0.49999999999528205
0.5999999999986021
0.49999999999528205
0.49999999999528205
0.49999999999528205